43082
42881
42560
42459
42296
42190
42158
42150
42055
42033
41907
41824
41771
41772
41626
41597
41559
41474
41393
41230
41188
40950
40892
40783
40709
43174
42979
42936
42623
42608
42478
42332
42253
41593
41424
41352
40635
40327
40158
39938
39816
39572
39444
39445
39446
39447
39307
39177
39000
39001
43074
42912
42805
42548
42531
42189
42148
41769
41556
41227
40940
40557
40489
40490
40049
40050
40051
39441
39442
39443
39306
39176
38818
38634
38635
42865
42721
41920
41343
41344
41038
40479
40480
40237
40145
39806
39807
39425
39293
39161
38167
37636
37303
36951
36561
36143
36144
35647
35648
35040
43289
43218
43212
43155
43136
43097
42995
42977
42961
42847
42799
42786
42633
42594
42542
42480
42442
42345
42326
42197
42021
41953
41805
41778
41727
42711
42430
42393
42379
42137
42056
41908
41909
41232
40640
40571
40175
39720
39721
39601
39602
39603
39475
39476
39195
39196
39197
39030
39031
39032
43144
42779
41998
41884
41773
41672
41429
40856
40572
40344
40260
40176
40072
39198
39199
39033
39034
38848
38849
38485
38234
37994
37995
37713
37414
42652
42294
41738
41739
40992
40392
40316
39921
39683
39426
39427
39294
38789
38790
36562
36145
36146
35649
35650
35043
35044
35045
35046
34341
34342
43192
42576
42564
42422
42333
41795
41621
41353
41137
40159
40052
40053
40054
39817
39697
39698
39699
39573
39002
39003
38821
38822
37662
37352
37353
43150
43135
42462
42329
42317
41615
41496
41387
41345
40993
40935
40766
40238
40146
40038
40039
39564
39162
39163
38977
38791
38615
38396
38397
38168
42901
42857
42497
42394
42113
41627
41506
41007
40951
40788
39962
39831
39832
39604
39200
39035
38669
38486
38487
38488
38489
38235
38236
38237
38238
43287
43041
43012
42946
42790
42737
42699
42517
42475
42387
42382
42370
42358
42277
42223
42010
41895
41830
41782
41684
41577
41516
41484
41448
41449
43263
43234
43223
43222
43220
43196
43187
43177
43165
43149
43133
43129
43130
43121
43117
43112
43103
43102
43088
43058
43055
43036
43030
42925
42919
43248
42852
42849
42552
42489
42391
42261
42236
42106
42091
41584
41544
41489
41416
41176
41177
41178
41129
41031
40882
40824
40675
40676
40677
40678
42970
41774
41598
40641
40642
39477
38670
38239
38240
37998
37999
38000
37714
37103
36702
36280
36281
35824
34592
34593
34594
34595
34596
34597
34598
43101
42767
42305
41925
41841
41842
41599
41357
41309
41106
41008
40643
40644
40645
40412
40413
40261
39963
39964
39965
39833
39605
39201
39202
39036
43214
42939
42916
42752
42178
42014
41968
41879
41880
41740
41716
41695
41616
41467
41468
41346
41347
41257
41039
40994
40995
40936
40767
40626
40627
43207
42949
42403
42206
41796
41746
41557
41142
40700
40559
40248
40162
40061
39452
38827
38642
38438
38439
38440
38441
38210
37950
37951
37952
37672
43141
42654
42334
41945
41045
40952
40573
40501
40414
40073
39966
39967
39722
39337
39203
38850
38851
38673
38004
37718
37719
37419
37420
37421
37106
43202
42400
40109
40010
39878
39761
39646
39521
39254
38733
38104
37820
37216
36447
36019
35480
35481
35482
34886
34887
34888
34176
34177
34178
33352
43269
42870
42591
42445
42312
42267
42224
42200
41981
41638
41450
41451
41452
41413
41244
40872
40663
39874
39756
39644
39252
39105
39106
39107
38916
43123
42806
42575
42485
42414
42405
42306
42017
42018
41926
41927
41863
41600
41560
41268
41146
41107
41046
40789
40713
40646
40647
40574
40502
40415
42578
41430
40714
39726
38857
38246
38012
37727
37114
36720
36721
36297
36298
35841
35279
35280
35281
34636
34637
34638
33905
33043
33044
33045
33046
43178
42763
42344
42286
42087
41951
41440
41400
41359
41319
41053
40584
40428
40195
40087
39985
39986
39854
39743
39621
39622
39222
39070
39071
38887
42986
42958
42256
42127
41825
41748
41653
41431
41395
40857
40790
40715
40419
40265
39971
39836
39837
39838
39727
39728
39729
39609
39341
39342
39205
43253
42933
42750
42620
42446
41731
41578
41541
41328
41245
41210
41165
41023
40972
40912
40873
40814
40815
40524
40364
40288
40215
40005
40006
40007
43203
43048
43028
42761
42540
42318
42238
42186
42146
42028
41858
41741
41549
41525
41497
41301
41259
41092
41040
40937
40697
40628
40552
40553
40484
43159
43106
43086
43062
43035
43015
43003
42999
42980
42976
42957
42952
42948
42918
42905
42882
42878
42864
42838
42830
42827
42816
42753
42685
42659
43152
42917
42741
42565
42460
42343
42151
42096
41883
41700
41231
41189
41103
41104
41105
40893
40855
40784
40785
40786
40500
40411
40258
40259
40069
43076
43005
42647
42586
42451
42413
42353
41798
41356
41307
41043
41003
40853
40780
40781
40706
40499
40337
40338
40339
40254
40171
40066
39710
39590
43262
43198
42792
42656
42637
42624
42563
42553
42457
42427
42392
42237
42202
42072
42025
42026
41990
41991
41938
41918
41850
41834
41835
41814
41788
43261
43095
42747
42668
42573
42513
42402
42327
42154
42107
42108
42073
42047
41851
41735
41645
41585
41545
41492
41459
41380
41297
41179
40984
40923
42850
41910
41864
41701
40716
40575
40503
40420
39610
39044
38859
38249
38015
37730
37432
37433
37119
36725
35846
35847
35848
35290
35291
35292
35293
43285
43205
43183
43087
42974
42953
42907
42902
42893
42885
42883
42859
42812
42774
42769
42691
42665
42614
42611
42543
42424
42399
42245
42222
42199
43250
43208
42803
42622
42589
42545
42530
42494
42437
42421
42349
42147
42051
41969
41904
41881
41742
41617
41591
41526
41422
41389
41225
41185
41132
43114
41942
41793
41766
41388
41258
40840
40483
40148
40149
39925
39685
39432
38981
38618
38400
38174
37909
37308
37309
37310
36963
36964
36965
36152
43290
43037
42915
42884
42848
42675
42664
42551
42474
42443
42415
42397
42398
42386
42337
42260
42221
42198
42140
42141
42117
42118
42040
42022
42007
42771
42157
41823
41770
41558
41473
40854
40782
40707
40708
40409
40340
40256
40172
40067
39955
39956
39711
39595
39465
39466
39467
39468
39019
39020
42937
42886
42085
40718
40505
39845
39349
38875
38510
38258
38259
38028
38029
37750
37454
37135
37136
37137
36754
36337
36338
36339
33973
33974
33975
42670
42365
42112
41923
41624
40563
40495
40405
39952
39822
39702
39317
38832
38450
38451
38214
37962
37676
37677
37678
37679
37381
37382
37383
37047
43147
43027
43013
42804
42740
42730
42702
42660
42546
42468
42449
42438
42410
42342
42204
42136
42080
41970
41859
41767
41743
41717
41718
41652
41618
43260
42433
42338
42067
41936
41810
41539
41540
41412
41371
41074
41075
40911
40813
40743
40523
39518
39380
39251
39103
39104
38729
38559
38560
38090
43077
42444
41636
40441
40001
39241
38717
38718
38542
37796
37186
36816
36395
35963
35428
35429
34095
34096
34097
34098
33273
32286
32287
32288
31115
43115
42634
42043
42024
41517
41290
41124
40746
40608
40290
40111
40012
39763
39523
38925
38736
37824
37540
36864
36453
36024
36025
35489
35490
35487
43251
43237
43231
43228
43225
43224
43201
43197
43193
43191
43185
43160
43137
43125
43119
43118
43094
43069
43019
43020
43006
42990
42968
42951
42944
43286
43210
43104
42908
42895
42875
42678
42663
42627
42374
42174
42161
42153
42131
42119
42102
42009
41955
41956
41913
41872
41728
41729
41730
41660
43282
43132
42802
42700
42681
42638
42376
42340
42315
42250
42251
42184
42109
42074
42075
41962
41900
41901
41852
41853
41854
41789
41714
41664
41646
43127
42550
42149
41822
41531
41308
41004
41005
40567
40255
39592
39593
39594
39464
39332
38467
38468
38224
37974
37397
37398
37399
37065
37066
37067
43257
43057
42667
42649
42581
42512
42383
42359
42346
42313
42090
42042
41811
41712
41607
41288
41289
41211
41166
40973
40744
40745
40664
40602
40603
43271
43050
43051
42988
42923
42854
42817
42755
42726
42673
42650
42488
42425
42389
42268
42248
42144
42070
42044
42045
42011
42012
41986
41987
41957
42910
42742
42431
42083
41310
40858
40791
40346
39972
39973
39839
39611
38860
38861
38862
38677
38016
37731
37732
37434
37435
37436
37120
36726
36727
43000
42831
42506
42498
42464
42179
42034
41928
41885
41843
41673
41311
41147
41108
41047
41048
41009
41010
40504
40347
40181
39974
39841
39840
39730
43124
42716
42713
41844
41628
41507
41109
41049
40859
40860
40792
40348
40266
40267
40268
40182
40183
40076
39731
39480
39481
39344
39210
39047
39048
43275
43061
43056
42719
42645
42630
42599
42528
42377
42341
42269
42145
42133
42048
42027
41992
41963
41939
41815
41690
41665
41613
41462
41463
41382
43288
43204
43110
43068
42903
42897
42837
42760
42739
42736
42723
42680
42651
42592
42481
42482
42456
42361
42249
42226
42105
42046
42013
41988
41959
43252
42833
42807
42784
42697
42642
42643
42632
42555
42452
42257
42168
42097
42098
42035
42036
41999
41886
41865
41702
41629
41630
41508
41475
41312
42811
42284
41050
40649
40421
40350
40270
39052
38683
38026
37741
37446
37128
37129
36746
36747
35870
35871
35872
35873
35330
34684
34685
34686
34687
43032
42887
42757
42241
42208
41866
41703
41601
41396
41313
41233
41148
40953
40894
40422
40423
40080
40081
39843
39735
39736
39053
39054
39055
38869
42505
41266
40998
39947
38442
37953
36628
36215
35153
35154
34468
32810
32811
32812
32813
32814
32815
31748
31749
31750
30470
30471
30472
28791
28792
43268
43170
42965
42515
42491
42447
42164
41941
41838
41817
41792
41762
41763
41764
41693
41668
41590
41341
41223
41090
40934
40886
40887
40694
40695
43075
42772
42727
42676
42524
42242
42084
41887
41631
41432
41397
40895
40794
40795
40717
40650
40577
40424
40187
40188
40189
39844
39614
39615
39483
43277
43126
42898
42572
42339
41688
41641
41379
41334
41335
41173
41081
40983
40920
40755
40614
40536
40226
39663
39267
39268
38750
38751
38583
38347
43151
42561
42439
41861
41862
41532
41505
41394
41044
40711
40639
40174
39961
39716
39598
39599
39473
39474
39334
39028
38843
38662
38478
38228
38229
43247
43007
42809
42666
42619
42612
42603
42604
42311
42276
42246
42235
42162
42132
42064
42065
42066
41979
41980
41873
41809
41781
41756
41711
41683
42762
42671
41699
41145
40949
40568
40068
39957
39958
39596
39597
39469
38838
38839
38470
37401
37402
37403
37070
37071
36670
36671
36250
35793
35794
43184
43163
42866
42744
42635
42574
42493
42330
42319
42187
42165
42135
42124
41997
41903
41839
41819
41820
41794
41696
41651
41550
41551
41498
41499
43255
43096
42877
42858
42842
42689
42690
42658
42566
42556
42525
42523
42507
42499
42417
42380
42321
42307
42264
42230
42138
42057
41974
41946
41947
43063
42378
42254
41529
41305
41096
40845
40491
40492
40328
40329
40330
39308
39178
38428
38195
38196
38197
38198
38199
38200
37663
37355
37356
37357
43283
43241
43240
43239
43200
43107
43105
43099
43072
43021
43016
42971
42911
42873
42860
42855
42843
42844
42834
42829
42818
42814
42787
42751
42720
43171
43090
43039
42783
42688
42585
42577
42537
42509
42463
42404
42352
42255
42240
42228
42016
41860
41623
41427
41355
41143
41097
40999
41000
40945
42956
42661
42609
42082
41595
41001
40775
40637
40561
40562
39951
39586
39315
39316
39187
38644
38449
37959
37960
37961
37675
37380
37041
37042
37043
43284
43281
43280
43279
43278
43274
43273
43270
43265
43258
43242
43194
43190
43182
43109
43084
43049
42967
42867
42733
43213
43113
43100
43053
43017
42927
42926
42890
42728
42725
42662
42628
42617
42519
42500
42501
42486
42440
42432
42418
42406
42354
42335
42308
42309
43259
42793
42738
42715
42582
42434
42384
42371
42347
42278
42103
42068
41982
41831
41639
41453
41372
41076
41024
41025
41026
40974
40913
40874
40605
43227
43120
43065
42921
42605
42571
42533
42476
42401
42372
42279
42121
41983
41874
41832
41783
41713
41608
41609
41579
41454
41373
41167
41123
41077
43254
42539
42388
42360
42298
42176
42143
42104
41984
41985
41916
41896
41875
41784
41661
41610
41374
41329
41168
41078
41027
40976
40875
40876
40665
43266
43238
43219
43209
43186
43142
43134
43131
43098
43092
43085
43071
43042
43040
42996
42991
42989
42964
42920
42914
42853
42813
42788
42780
42745
43122
43034
42879
42796
42613
42209
42210
42139
41975
41800
41776
41723
41603
41565
41566
41535
41438
41439
41358
41052
40958
40654
40511
40512
40427
43264
42641
42510
42412
42229
41924
41596
41428
41267
41098
41099
41100
40946
40947
40776
40777
40703
40704
40496
40406
40407
40335
40252
40167
40063
43176
42947
42781
42428
42123
41996
41940
41837
41547
41493
41255
41037
40885
40691
40692
40623
40473
40474
40475
40390
40314
40234
40139
40034
39911
43162
43143
43081
43047
42966
42900
42896
42861
42862
42863
42839
42824
42823
42819
42815
42756
42712
42687
42684
42657
42646
42625
42596
42584
42522
43276
43249
43023
42985
42972
42913
42856
42845
42800
42791
42724
42694
42621
42492
42467
42458
42448
42429
42303
42272
42262
42263
42217
42218
42185
43246
43244
43226
43215
43206
43199
43169
43168
43158
43148
43145
43138
43128
43093
43091
43079
43073
43066
43052
43045
43033
43031
43025
42997
42973
43256
42899
42302
42050
41737
41692
41649
41614
41385
41256
41089
40990
40933
40839
40693
40235
40035
40036
39913
39914
39676
39677
39678
39554
39555
43140
43108
42547
42484
42364
42331
42304
42030
41821
41745
41620
41226
40844
40773
40156
40157
39936
39937
39694
39695
39696
39440
39304
39305
38999
43175
42538
42502
41750
41441
41273
41274
40799
40585
40429
40430
40353
40273
40274
39744
39623
39624
38521
38522
37770
37771
37476
37477
37166
37167
43146
41604
41275
41235
41195
40354
40200
40088
40089
39989
39494
38525
38278
38049
36792
36793
36372
36373
36374
35927
35388
34776
34777
34778
34054
43243
43189
43180
43083
43026
43011
42994
42963
42959
42950
42942
42938
42932
42929
42894
42888
42874
42846
42840
42822
42768
42722
42703
42704
42677
43235
43229
43217
43216
43181
43173
43167
43161
43139
43116
43080
43018
43008
43009
42992
42987
42978
42960
42954
42940
42930
42922
42872
42828
42794
43272
43195
43172
43156
43059
43044
43038
42934
42832
42707
42708
42693
42595
42559
42527
42520
42466
42435
42407
42408
42299
42300
42289
42280
42225
43236
42984
42981
42904
42776
42765
42743
42709
42583
42426
42390
42362
42348
42291
42071
41989
41961
41642
41522
41458
41336
41250
41219
41174
41175
43157
42766
42636
42616
42600
42554
42549
42366
42283
42095
42054
42032
41972
41882
41797
41625
41392
41228
41229
41144
41101
41102
41002
40948
40890
43233
43022
42314
41849
41833
41785
41685
41611
41519
41520
41212
41213
41028
40668
40611
40369
40293
40014
40015
39886
39770
39771
39772
39652
39653
43024
42841
42169
42099
42058
42059
41846
41751
41567
41478
41401
41112
41054
40800
40721
40722
40655
40513
40431
40432
40275
40196
40197
40198
40199
43060
42931
42351
41922
41906
41354
41306
41141
40944
40494
40333
40060
39944
39945
39946
39581
39451
39183
39008
38825
38826
38437
38209
37949
37670
43230
43153
43111
43089
43067
43046
43029
43014
43010
43004
42993
42982
42975
42969
42955
42935
42876
42826
42810
42795
42777
42770
42731
42732
42696
